10 5.781e-07
13 1.381e-06
16 1.689e-06
20 2.080e-06
25 2.329e-06
32 2.535e-06
40 3.325e-06
50 3.694e-06
63 5.168e-06
79 7.421e-06
100 1.172e-05
126 1.812e-05
158 2.458e-05
200 3.345e-05
251 4.764e-05
316 6.896e-05
398 1.052e-04
501 1.542e-04
631 2.273e-04
794 3.444e-04
1000 5.231e-04
1259 8.112e-04
1585 1.285e-03
1995 2.093e-03
2512 3.633e-03
3162 6.126e-03
3981 1.045e-02
5012 1.762e-02
6310 3.169e-02
7943 5.658e-02
10000 9.320e-02
10 6.580e-07
13 8.025e-07
16 1.009e-06
20 1.141e-06
25 1.540e-06
32 2.315e-06
40 2.633e-06
50 3.415e-06
63 5.153e-06
79 6.893e-06
100 1.127e-05
126 1.611e-05
158 2.177e-05
200 3.369e-05
251 4.859e-05
316 6.773e-05
398 9.891e-05
501 1.475e-04
631 2.227e-04
794 3.398e-04
1000 5.222e-04
1259 8.154e-04
1585 1.301e-03
1995 2.097e-03
2512 3.463e-03
3162 5.820e-03
3981 9.832e-03
5012 1.659e-02
6310 2.770e-02
7943 4.583e-02
10000 7.513e-02
10 5.043e-07
13 7.148e-07
16 7.251e-07
20 8.642e-07
25 8.689e-07
32 1.039e-06
40 1.236e-06
50 1.391e-06
63 1.777e-06
79 2.418e-06
100 3.851e-06
126 4.480e-06
158 5.839e-06
200 1.034e-05
251 1.205e-05
316 1.818e-05
398 2.902e-05
501 4.269e-05
631 6.090e-05
794 8.946e-05
1000 1.364e-04
1259 2.123e-04
1585 3.273e-04
1995 5.097e-04
2512 8.001e-04
3162 1.266e-03
3981 1.983e-03
5012 3.145e-03
6310 4.984e-03
7943 7.867e-03
10000 1.243e-02
12589 1.969e-02
15849 3.120e-02
19953 4.940e-02
25119 7.829e-02
10 5.961e-07
13 7.485e-07
16 8.641e-07
20 9.492e-07
25 1.110e-06
32 1.340e-06
40 1.567e-06
50 1.877e-06
63 2.362e-06
79 3.668e-06
100 4.005e-06
126 5.185e-06
158 6.454e-06
200 8.982e-06
251 1.265e-05
316 1.315e-05
398 1.825e-05
501 2.275e-05
631 2.986e-05
794 3.901e-05
1000 4.745e-05
1259 6.121e-05
1585 7.864e-05
1995 1.010e-04
2512 1.308e-04
3162 1.675e-04
3981 2.169e-04
5012 2.818e-04
6310 3.638e-04
7943 4.703e-04
10000 6.098e-04
12589 7.926e-04
15849 1.037e-03
19953 1.336e-03
25119 1.733e-03
31623 2.259e-03
39811 2.925e-03
50119 3.803e-03
63096 4.948e-03
79433 6.405e-03
100000 8.298e-03
125893 1.077e-02
158489 1.396e-02
199526 1.811e-02
251189 2.367e-02
316228 3.045e-02
398107 3.951e-02
501187 5.137e-02
630957 6.630e-02
10 5.507e-07
13 6.986e-07
16 6.654e-07
20 8.515e-07
25 9.929e-07
32 1.336e-06
40 1.392e-06
50 1.578e-06
63 1.984e-06
79 2.446e-06
100 3.852e-06
126 5.058e-06
158 5.791e-06
200 7.399e-06
251 7.772e-06
316 1.083e-05
398 1.492e-05
501 2.000e-05
631 2.414e-05
794 3.228e-05
1000 4.056e-05
1259 5.161e-05
1585 6.350e-05
1995 8.196e-05
2512 1.063e-04
3162 1.360e-04
3981 1.758e-04
5012 2.320e-04
6310 2.918e-04
7943 3.756e-04
10000 4.835e-04
12589 6.260e-04
15849 8.055e-04
19953 1.045e-03
25119 1.343e-03
31623 1.735e-03
39811 2.232e-03
50119 2.882e-03
63096 3.712e-03
79433 4.778e-03
100000 6.148e-03
125893 7.909e-03
158489 1.016e-02
199526 1.308e-02
251189 1.679e-02
316228 2.158e-02
398107 2.768e-02
501187 3.555e-02
630957 4.557e-02
794328 5.846e-02
1000000 7.498e-02
10 5.395e-07
13 6.536e-07
16 8.498e-07
20 8.172e-07
25 8.741e-07
32 1.001e-06
40 1.424e-06
50 1.561e-06
63 1.709e-06
79 2.352e-06
100 3.574e-06
126 3.820e-06
158 4.617e-06
200 6.929e-06
251 7.272e-06
316 1.021e-05
398 1.359e-05
501 1.785e-05
631 2.310e-05
794 2.895e-05
1000 3.720e-05
1259 4.795e-05
1585 6.107e-05
1995 7.683e-05
2512 9.946e-05
3162 1.303e-04
3981 1.648e-04
5012 2.139e-04
6310 2.802e-04
7943 3.554e-04
10000 4.587e-04
12589 6.033e-04
15849 7.694e-04
19953 9.924e-04
25119 1.301e-03
31623 1.660e-03
39811 2.137e-03
50119 2.799e-03
63096 3.569e-03
79433 4.575e-03
100000 6.006e-03
125893 7.645e-03
158489 9.780e-03
199526 1.279e-02
251189 1.631e-02
316228 2.090e-02
398107 2.719e-02
501187 3.462e-02
630957 4.787e-02
794328 5.768e-02
1000000 7.337e-02
10 6.034e-07
13 8.359e-07
16 9.898e-07
20 1.116e-06
25 1.289e-06
32 1.602e-06
40 1.916e-06
50 2.743e-06
63 3.786e-06
79 4.133e-06
100 4.750e-06
126 6.684e-06
158 9.011e-06
200 1.075e-05
251 1.460e-05
316 1.726e-05
398 2.348e-05
501 2.855e-05
631 3.683e-05
794 4.667e-05
1000 5.944e-05
1259 7.610e-05
1585 9.711e-05
1995 1.351e-04
2512 1.594e-04
3162 2.052e-04
3981 2.633e-04
5012 3.402e-04
6310 4.342e-04
7943 5.579e-04
10000 7.216e-04
12589 9.350e-04
15849 1.207e-03
19953 1.555e-03
25119 2.015e-03
31623 2.594e-03
39811 3.350e-03
50119 4.328e-03
63096 5.599e-03
79433 7.241e-03
100000 9.387e-03
125893 1.220e-02
158489 1.580e-02
199526 2.051e-02
251189 2.658e-02
316228 3.441e-02
398107 4.452e-02
501187 5.752e-02
630957 7.416e-02
10 4.905e-07
13 8.230e-07
16 9.244e-07
20 1.046e-06
25 1.207e-06
32 1.472e-06
40 1.756e-06
50 2.703e-06
63 3.314e-06
79 6.457e-06
100 7.237e-06
126 9.165e-06
158 1.341e-05
200 1.902e-05
251 3.346e-05
316 4.576e-05
398 6.958e-05
501 1.067e-04
631 1.640e-04
794 2.566e-04
1000 4.040e-04
1259 6.356e-04
1585 1.008e-03
1995 1.586e-03
2512 2.511e-03
3162 3.982e-03
3981 6.328e-03
5012 1.000e-02
6310 1.584e-02
7943 2.543e-02
10000 3.989e-02
12589 6.330e-02
10 5.341e-07
13 7.578e-07
16 8.416e-07
20 1.013e-06
25 1.286e-06
32 1.896e-06
40 2.600e-06
50 4.502e-06
63 5.514e-06
79 7.936e-06
100 1.155e-05
126 1.947e-05
158 2.840e-05
200 4.366e-05
251 6.459e-05
316 1.015e-04
398 1.558e-04
501 2.457e-04
631 3.862e-04
794 6.079e-04
1000 9.702e-04
1259 1.540e-03
1585 2.440e-03
1995 3.886e-03
2512 6.164e-03
3162 9.775e-03
3981 1.552e-02
5012 2.463e-02
6310 3.898e-02
7943 6.192e-02
